0.00000 0.60860 0.64140 0.55090 0.53507 0.65045 0.49208 0.49548 0.34276
0.60860 0.00000 0.29412 0.57014 0.32353 0.32127 0.47624 0.61652 0.56109
0.64140 0.29412 0.00000 0.60407 0.48077 0.48077 0.56109 0.65837 0.62443
0.55090 0.57014 0.60407 0.00000 0.45136 0.59729 0.29751 0.55430 0.46606
0.53507 0.32353 0.48077 0.45136 0.00000 0.47964 0.28846 0.56335 0.45136
0.65045 0.32127 0.48077 0.59729 0.47964 0.00000 0.54977 0.65385 0.62670
0.49208 0.47624 0.56109 0.29751 0.28846 0.54977 0.00000 0.46041 0.29977
0.49548 0.61652 0.65837 0.55430 0.56335 0.65385 0.46041 0.00000 0.30317
0.34276 0.56109 0.62443 0.46606 0.45136 0.62670 0.29977 0.30317 0.00000
